1534 301 1671 512 6
1542 379 1684 634 3
1398 750 1508 939 2
1488 196 1590 380 2
1642 910 1790 1099 13
1467 14 1566 173 13
845 452 960 630 4
1163 90 1258 269 4
1322 144 1402 258 5
1304 17 1390 148 5
1403 630 1499 764 5
1380 483 1475 621 5
1337 240 1423 378 5
1017 341 1097 483 5
1210 772 1311 919 5
1266 936 1373 1092 5
368 0 477 146 13
451 926 586 1108 13
276 364 426 632 9
305 266 453 494 12
263 575 389 765 8
689 0 792 149 8
689 179 801 361 10
271 729 415 919 10
865 935 974 1082 11
495 632 590 766 11
480 770 596 914 11
517 492 612 633 11
850 347 939 479 11
834 130 923 259 11
532 234 621 373 11
538 13 629 152 11
