252 415 406 695 9
343 37 462 210 13
321 104 442 307 8
218 815 370 1011 8
271 653 397 844 10
660 358 770 540 10
638 83 769 324 12
797 43 897 192 11
800 266 902 411 11
510 153 609 301 11
481 391 585 538 11
476 528 593 678 11
440 835 569 992 11
999 449 1127 704 6
672 644 797 846 2
1155 362 1278 559 4
1236 783 1370 1008 4
1500 269 1661 539 3
1275 23 1386 212 2
1442 31 1555 204 7
1579 642 1720 839 7
1457 998 1580 1153 5
1348 401 1450 546 5
1130 165 1230 318 5
1003 286 1099 433 5
1189 656 1295 812 5
1054 834 1161 997 5
