1668 984 1815 1165 7
1447 38 1556 186 7
1380 451 1510 683 6
1501 278 1661 542 3
1601 655 1744 835 4
1183 377 1304 559 4
1463 123 1575 307 2
1017 361 1113 547 2
1463 1001 1582 1156 5
1353 401 1444 542 5
1134 168 1224 316 5
996 52 1082 190 5
1007 291 1093 432 5
1044 541 1137 684 5
1181 672 1276 824 5
1061 834 1165 998 5
262 423 413 688 9
664 362 781 547 10
260 659 399 840 10
645 972 779 1163 13
356 42 458 206 13
326 111 437 306 8
234 817 359 1009 8
496 191 633 416 12
520 159 603 302 11
492 393 581 532 11
804 46 892 188 11
806 264 901 410 11
483 531 584 672 11
453 843 561 991 11
863 1002 974 1160 11
830 693 931 844 11
