1153 95 1263 269 4
848 440 959 632 4
1390 750 1518 934 2
1498 209 1609 394 2
1543 371 1695 642 3
1641 905 1792 1104 7
1152 8 1253 165 7
1169 287 1285 515 6
1314 133 1403 262 5
1336 247 1429 385 5
1395 627 1504 762 5
1384 481 1478 619 5
1210 770 1318 924 5
1267 939 1371 1094 5
1017 25 1104 156 5
1012 348 1099 482 5
688 0 795 147 8
279 367 427 636 9
259 576 383 758 8
311 263 456 501 12
453 923 589 1114 13
370 0 485 150 13
267 720 410 916 10
690 182 794 360 10
845 345 941 485 11
827 120 926 264 11
538 6 627 151 11
532 234 622 373 11
509 492 612 627 11
491 638 596 770 11
487 769 592 913 11
862 931 969 1074 11
