291 367 425 634 9
1542 376 1689 636 3
323 263 453 497 12
1534 297 1676 520 6
270 733 414 918 10
854 445 966 629 4
1159 87 1255 270 4
271 581 387 763 8
702 177 799 359 10
461 928 585 1109 13
345 188 447 368 8
1490 201 1584 380 2
1395 751 1511 929 2
1650 919 1794 1090 2
1471 14 1568 162 2
870 942 973 1089 11
1216 770 1321 916 5
1272 942 1373 1086 5
480 636 596 778 11
379 0 476 142 13
477 775 597 916 11
501 491 619 629 11
542 11 628 149 11
532 237 627 374 11
1400 628 1502 764 5
1013 341 1105 476 5
1344 244 1430 378 5
838 124 923 258 11
518 358 613 490 11
1323 136 1408 263 5
1312 22 1391 147 5
1386 478 1482 623 5
