1466 126 1567 304 2
1020 358 1119 536 2
1397 451 1502 677 6
1505 279 1652 536 4
1667 979 1816 1169 7
1434 34 1541 195 7
1598 655 1745 841 4
1355 400 1442 540 5
1180 379 1301 566 4
1297 59 1383 195 5
1137 173 1226 312 5
1010 289 1096 431 5
1032 543 1136 686 5
1470 996 1576 1150 5
1180 675 1277 822 5
1057 839 1165 990 5
662 359 779 539 10
646 972 777 1159 13
356 46 455 205 13
325 110 437 303 8
224 812 357 1005 8
261 425 407 695 9
811 267 900 407 11
491 190 629 417 12
803 52 889 186 11
514 158 600 290 11
484 396 583 535 11
481 525 588 674 11
461 846 556 984 11
837 680 930 838 11
864 1007 978 1155 11
