1554 296 1675 492 6
1543 380 1703 630 3
1508 209 1613 382 2
1586 598 1706 771 2
1472 105 1584 261 7
1619 746 1765 924 7
1472 18 1570 165 7
1642 919 1794 1094 7
1308 25 1392 153 5
1319 134 1406 260 5
1336 243 1429 373 5
1356 344 1448 489 5
1390 477 1475 617 5
1413 616 1502 762 5
1438 768 1533 912 5
1461 927 1567 1085 5
319 270 451 495 12
288 369 427 630 9
341 191 448 367 8
266 572 388 760 8
354 96 466 258 10
250 758 388 943 10
225 925 363 1117 13
375 0 480 145 13
530 18 625 138 11
529 127 626 252 11
528 240 623 372 11
502 356 617 491 11
501 492 617 635 11
477 637 596 767 11
473 772 598 916 11
451 940 575 1082 11
