1444 34 1556 200 7
1659 980 1813 1167 7
1507 276 1655 545 3
1385 449 1519 675 6
1356 400 1440 543 5
1466 997 1579 1147 5
1599 663 1746 836 4
1187 373 1299 562 4
1286 19 1388 204 2
994 363 1118 553 2
996 55 1082 192 5
1139 172 1226 311 5
1007 292 1102 436 5
1047 538 1138 681 5
1179 672 1276 824 5
1057 835 1168 992 5
659 358 780 544 10
251 657 406 837 10
265 427 410 691 9
225 816 361 1006 8
325 116 441 301 8
357 42 455 209 13
641 972 779 1162 13
450 840 558 991 11
477 531 588 669 11
485 399 588 537 11
490 191 633 416 12
521 160 606 288 11
802 52 893 190 11
806 266 900 405 11
828 692 933 840 11
858 1002 974 1158 11
