1001 451 1133 704 6
1162 358 1273 557 4
1239 793 1380 1005 4
1491 278 1653 547 3
1445 31 1560 204 7
1654 979 1816 1170 7
1458 990 1588 1157 5
1343 392 1451 549 5
1133 168 1224 312 5
1190 667 1301 814 5
1052 831 1168 987 5
1001 285 1099 444 5
1284 15 1393 208 2
670 636 792 838 2
347 30 462 205 13
261 415 409 685 9
654 357 776 547 10
258 652 406 845 10
324 110 443 302 8
226 808 364 1000 8
485 192 634 413 12
509 159 610 296 11
795 49 896 188 11
809 269 902 415 11
484 393 579 538 11
474 528 585 679 11
457 836 573 995 11
