1529 295 1679 518 6
1537 377 1695 636 3
1508 206 1614 382 2
1587 593 1708 769 2
1473 106 1586 269 4
1618 756 1766 925 4
1469 23 1570 162 7
1651 921 1792 1089 7
1461 939 1565 1078 5
1430 776 1534 909 5
1406 633 1509 764 5
1387 490 1477 620 5
1360 357 1449 487 5
1335 248 1427 377 5
1323 137 1408 263 5
1314 17 1392 150 5
323 267 453 495 12
288 367 425 631 9
342 191 444 367 8
266 577 387 765 8
350 93 465 259 10
253 763 389 944 10
377 0 478 145 13
215 932 361 1118 13
532 19 622 140 11
531 129 623 252 11
531 241 619 373 11
513 355 615 488 11
505 492 616 630 11
487 634 597 769 11
488 767 593 913 11
468 930 573 1083 11
