1658 978 1816 1165 7
1498 270 1651 549 3
1445 34 1557 200 7
1001 459 1122 701 6
1238 797 1368 1001 4
1165 365 1277 554 4
1463 993 1579 1154 5
1189 666 1293 809 5
1056 837 1164 987 5
1351 401 1453 547 5
999 290 1106 437 5
1127 166 1231 310 5
1282 15 1389 203 2
675 645 792 843 2
316 112 439 303 8
351 43 456 204 13
255 420 408 689 9
641 79 768 323 12
655 362 778 544 10
256 655 406 839 10
222 807 364 1005 8
456 840 568 995 11
466 528 594 676 11
477 389 580 540 11
504 161 611 310 11
795 44 895 190 11
807 266 911 409 11
