1390 732 1512 934 2
1145 14 1258 167 7
1648 907 1783 1090 7
1537 366 1698 636 3
1165 283 1284 508 6
1027 587 1134 773 2
1336 246 1430 379 5
1322 135 1403 264 5
1380 478 1476 625 5
1398 623 1500 761 5
1265 942 1371 1099 5
1209 771 1313 911 5
1008 344 1100 478 5
1021 24 1106 165 5
1149 89 1260 266 4
834 451 966 633 4
313 259 454 499 12
277 364 426 630 9
452 915 582 1104 13
362 0 483 144 13
694 0 789 153 8
257 572 385 759 8
690 177 802 366 10
271 729 410 925 10
849 343 935 483 11
829 118 927 261 11
534 7 629 147 11
529 236 626 372 11
503 490 616 622 11
494 627 589 770 11
486 766 597 918 11
863 931 975 1087 11
