317 262 453 495 12
278 367 420 629 9
689 176 807 364 10
270 724 406 919 10
457 922 583 1104 13
369 0 481 147 13
262 572 386 762 8
692 0 794 143 8
853 344 935 472 11
841 129 918 259 11
543 16 628 147 11
532 238 620 372 11
510 496 617 629 11
495 630 590 772 11
491 767 591 916 11
861 932 969 1079 11
1164 89 1253 270 4
843 444 964 634 4
1547 295 1677 496 6
1543 377 1694 629 3
1157 8 1250 164 7
1650 920 1795 1098 7
1497 197 1583 379 2
1394 746 1512 936 2
1394 633 1503 764 5
1375 483 1477 626 5
1213 777 1318 917 5
1263 945 1368 1089 5
1333 249 1426 379 5
1319 135 1399 270 5
1025 26 1104 157 5
1016 343 1100 483 5
