1529 293 1680 518 6
1540 377 1691 637 3
1642 916 1794 1097 7
1469 17 1559 166 7
1496 197 1592 382 2
1391 749 1515 935 2
1308 16 1394 148 5
1345 247 1427 382 5
1322 134 1403 264 5
1402 629 1509 759 5
1385 478 1473 619 5
1270 942 1368 1085 5
1214 772 1318 921 5
1014 343 1104 479 5
1155 93 1259 266 4
853 436 966 630 4
324 262 448 492 12
289 366 420 622 9
350 186 447 368 8
272 581 384 761 8
696 180 795 373 10
271 730 408 922 10
460 923 582 1108 13
382 0 470 144 13
547 16 621 141 11
546 126 625 247 11
538 244 616 369 11
522 354 611 488 11
517 493 612 626 11
495 629 590 767 11
489 769 589 911 11
866 929 970 1083 11
