1533 300 1674 517 6
1542 381 1696 631 3
1601 583 1724 765 2
1494 206 1600 375 2
1467 107 1582 263 4
1618 752 1768 914 4
1651 919 1797 1093 7
1469 19 1569 159 7
1312 27 1393 155 5
1325 137 1404 262 5
1346 247 1431 376 5
1363 355 1446 485 5
1382 485 1478 616 5
1400 628 1506 767 5
1435 772 1533 919 5
1462 939 1568 1084 5
326 267 446 495 12
293 368 428 629 9
351 186 448 368 8
277 581 388 757 8
378 87 482 257 10
284 731 409 920 10
222 933 359 1115 13
385 0 479 142 13
541 126 628 256 11
548 15 628 145 11
539 240 622 370 11
524 356 612 493 11
522 494 614 627 11
500 638 593 768 11
493 772 593 911 11
454 935 578 1084 11
