1491 273 1649 548 3
1569 635 1714 818 7
1445 31 1555 204 7
1160 364 1278 557 4
1236 793 1381 1002 4
1454 994 1576 1152 5
997 462 1132 701 6
1131 162 1234 316 5
1354 399 1450 547 5
1185 664 1293 817 5
1067 837 1162 990 5
1004 289 1105 431 5
1282 14 1389 203 2
673 636 799 839 2
645 82 772 320 12
248 416 422 696 9
416 974 557 1186 10
349 32 454 204 13
331 105 440 301 8
218 804 362 1010 8
655 354 785 549 10
792 43 896 192 11
803 258 901 411 11
509 154 610 301 11
480 391 581 534 11
474 523 587 680 11
456 834 567 988 11
