1533 298 1672 511 6
1537 377 1684 631 3
1599 587 1714 765 2
1495 204 1592 376 2
1463 113 1582 264 4
1619 757 1766 921 4
1472 20 1567 159 7
1649 920 1787 1092 7
1461 940 1565 1078 5
1432 773 1533 911 5
1410 632 1498 763 5
1385 489 1476 622 5
1358 358 1451 486 5
1342 245 1424 376 5
1320 140 1405 261 5
1313 24 1394 150 5
328 268 454 495 12
295 368 426 629 9
347 191 446 370 8
275 580 387 758 8
381 86 485 259 10
276 729 409 921 10
230 932 358 1114 13
384 0 478 140 13
549 11 627 142 11
541 128 627 249 11
536 242 621 375 11
518 354 616 489 11
521 494 617 629 11
485 635 596 775 11
490 772 594 916 11
461 944 573 1085 11
