519 169 602 294 11
1355 404 1442 539 5
1507 267 1652 547 3
1005 294 1091 417 5
497 67 606 208 11
1128 174 1226 307 5
1450 133 1562 307 2
493 201 636 376 12
498 369 614 538 11
1301 71 1387 193 5
802 268 894 413 11
257 437 400 683 9
318 125 451 329 8
990 383 1116 556 4
327 41 461 241 13
830 688 951 839 11
1170 358 1290 549 4
1379 478 1526 690 6
1066 828 1183 972 5
458 841 562 983 11
1421 50 1528 185 7
1173 666 1282 824 5
1665 969 1812 1165 7
206 806 349 999 8
1584 656 1748 825 4
249 645 394 845 10
652 351 776 544 10
472 499 598 672 11
1027 545 1138 697 5
838 989 965 1151 11
644 970 785 1167 13
1472 987 1584 1142 5
