1508 277 1654 540 3
1373 455 1513 699 6
1653 981 1812 1164 7
1443 35 1560 197 7
668 643 798 839 2
1279 12 1386 205 2
1182 372 1298 567 4
1256 814 1391 998 4
1163 670 1283 827 5
1451 999 1577 1153 5
1353 401 1442 548 5
1138 171 1224 317 5
990 54 1087 196 5
1007 286 1102 437 5
679 548 773 692 5
1061 834 1163 990 5
350 43 454 203 13
641 969 773 1165 13
493 189 631 419 12
256 426 404 688 9
325 114 438 303 8
224 815 363 1005 8
257 658 409 840 10
662 362 779 540 10
806 262 904 410 11
795 46 890 189 11
510 161 608 296 11
486 394 584 541 11
446 838 562 994 11
476 521 586 675 11
835 690 932 843 11
853 1006 972 1166 11
