1377 748 1524 934 2
1532 364 1696 641 3
1165 281 1289 524 6
1632 913 1800 1097 7
1156 9 1254 169 7
1315 124 1406 269 5
1334 238 1435 380 5
1379 479 1490 626 5
1395 620 1503 768 5
1253 934 1370 1096 5
1014 17 1107 165 5
1017 341 1113 484 5
1155 91 1261 276 4
848 443 964 641 4
678 287 811 521 12
450 923 588 1103 13
361 0 482 150 13
275 365 426 629 9
258 575 388 762 8
692 173 803 350 10
256 729 408 925 10
844 340 944 485 11
535 9 636 150 11
540 226 640 368 11
498 489 620 632 11
482 632 596 773 11
479 769 597 919 11
865 930 977 1092 11
