1487 267 1654 550 3
1438 32 1556 203 7
1574 638 1721 820 7
1237 795 1372 1009 2
1160 363 1279 555 2
1000 458 1133 705 6
1004 288 1097 437 5
1460 991 1580 1155 5
1347 394 1451 547 5
1183 665 1302 821 5
1046 836 1167 994 5
947 169 1056 309 5
1159 115 1289 318 2
664 641 805 834 2
640 80 774 326 12
344 37 464 201 13
407 983 568 1187 10
657 355 778 537 10
673 494 784 676 8
324 112 443 302 8
253 420 425 703 9
804 45 893 197 11
805 263 904 416 11
509 158 611 305 11
482 387 587 541 11
477 523 586 679 11
453 834 571 996 11
