485 191 633 416 12
1499 279 1655 539 3
1279 13 1387 202 2
1443 37 1554 196 7
1351 402 1452 540 5
1655 982 1816 1167 7
1456 1004 1581 1153 5
1259 818 1396 999 4
1190 378 1299 560 4
999 456 1128 695 6
1051 840 1164 992 5
1175 673 1275 824 5
1136 171 1224 307 5
1003 54 1078 193 5
1004 290 1098 429 5
686 545 781 692 5
679 642 793 832 2
259 424 403 690 9
350 37 455 201 13
659 363 780 539 10
258 657 399 839 10
326 112 435 303 8
221 814 359 1003 8
515 162 603 288 11
478 390 582 528 11
444 837 561 994 11
478 528 582 672 11
803 50 892 188 11
809 263 899 407 11
836 691 932 838 11
