1497 281 1657 546 3
1002 463 1132 701 6
1279 16 1390 205 2
1449 36 1555 194 7
1655 982 1816 1168 7
1455 998 1582 1151 5
1237 794 1380 1001 4
1179 371 1297 559 4
1352 402 1450 540 5
1139 172 1232 311 5
1007 289 1099 430 5
1195 668 1293 815 5
1057 839 1164 989 5
682 549 779 683 5
675 648 794 840 2
512 159 604 302 11
507 190 627 416 12
260 424 407 684 9
256 653 406 839 10
309 117 446 299 8
227 814 359 1002 8
662 359 786 538 10
337 31 467 206 13
798 44 893 190 11
806 268 903 415 11
481 393 582 534 11
472 531 584 673 11
440 837 563 992 11
831 693 928 840 11
