1500 284 1648 542 3
1545 438 1694 668 6
1599 655 1740 826 4
1505 255 1635 419 4
1618 802 1752 993 2
1467 118 1569 307 2
1433 36 1543 193 7
1657 985 1817 1167 7
1464 1003 1580 1151 5
1428 811 1537 959 5
1381 677 1485 817 5
1377 521 1476 658 5
1331 402 1445 540 5
1335 299 1433 437 5
1292 177 1387 311 5
1295 54 1380 192 5
292 329 432 567 12
253 425 406 691 9
286 254 409 420 10
243 652 402 839 10
318 103 439 298 8
217 810 356 1006 8
342 45 457 205 13
196 1012 353 1202 13
496 57 596 193 11
510 161 609 304 11
481 280 585 421 11
475 397 583 536 11
475 524 590 674 11
427 1026 552 1175 11
439 832 560 991 11
828 687 936 842 11
