1533 303 1673 512 6
1542 378 1698 632 3
1509 209 1619 379 2
1584 590 1706 770 2
1472 109 1588 265 4
1617 751 1769 918 4
1470 22 1570 160 7
1653 924 1800 1097 7
1305 23 1391 151 5
1321 130 1403 261 5
1343 244 1429 375 5
1363 355 1451 490 5
1380 489 1481 618 5
1410 622 1505 767 5
1434 774 1536 914 5
1458 940 1569 1079 5
321 264 451 496 12
286 369 424 628 9
270 578 386 764 8
341 192 446 370 8
353 94 464 255 10
248 765 388 943 10
462 944 578 1087 11
470 775 598 916 11
488 638 595 772 11
515 495 618 633 11
514 358 621 492 11
541 245 629 374 11
539 130 631 251 11
540 15 630 149 11
380 1 477 144 13
222 924 360 1116 13
