1546 436 1700 674 6
1501 293 1654 539 3
1503 253 1638 418 4
1592 660 1748 824 4
1472 121 1576 305 2
1620 808 1753 989 2
1429 26 1538 196 7
1661 989 1816 1165 7
1465 1002 1586 1154 5
1415 809 1543 962 5
1371 673 1483 813 5
1369 521 1475 657 5
1353 406 1452 540 5
1340 297 1436 433 5
1308 176 1394 307 5
1298 57 1384 193 5
297 327 428 561 12
255 423 403 690 9
286 256 417 412 10
258 656 395 837 10
325 113 436 297 8
224 814 361 1004 8
346 37 456 201 13
197 1011 342 1198 13
499 56 590 190 11
509 164 602 302 11
483 281 576 419 11
484 395 587 527 11
479 528 585 671 11
464 679 569 825 11
443 842 555 993 11
422 1028 552 1176 11
