1534 296 1668 512 6
1546 379 1697 627 3
1494 202 1584 375 2
1585 587 1714 768 2
1466 98 1577 266 4
1616 752 1768 925 4
1470 16 1569 166 7
1649 921 1793 1096 7
1312 21 1392 153 5
1320 135 1404 264 5
1346 247 1426 375 5
1361 357 1448 491 5
1383 483 1476 617 5
1408 628 1504 763 5
1427 773 1536 914 5
1459 927 1563 1081 5
324 270 448 498 12
289 369 423 631 9
349 186 446 368 8
272 577 386 757 8
373 87 487 260 10
275 731 410 922 10
385 0 477 142 13
225 930 362 1113 13
545 16 630 145 11
540 129 624 252 11
537 242 617 373 11
522 355 611 487 11
525 491 616 625 11
497 633 593 772 11
492 774 593 915 11
462 939 578 1084 11
