1385 743 1535 939 4
1640 908 1796 1097 7
1536 366 1692 642 3
1159 279 1289 528 6
1151 6 1255 166 7
1151 89 1261 269 10
840 446 966 633 10
1017 20 1112 162 5
1337 245 1437 382 5
1309 131 1405 265 5
1379 477 1483 625 5
1390 617 1502 766 5
1246 934 1379 1087 5
1012 335 1110 482 5
276 364 431 634 9
367 0 480 145 13
447 921 589 1112 13
253 569 390 761 8
314 261 452 496 12
685 174 806 362 10
262 724 407 924 10
848 342 941 482 11
534 11 632 145 11
525 234 628 380 11
506 494 612 636 11
485 632 597 772 11
478 768 593 915 11
859 925 975 1083 11
