1533 295 1679 518 6
1541 377 1698 633 3
1649 910 1796 1095 7
1466 14 1571 166 7
1494 200 1590 379 2
1390 758 1512 928 2
1385 482 1475 613 5
1404 622 1503 762 5
1263 944 1367 1082 5
1213 769 1317 916 5
1343 250 1429 377 5
1322 139 1402 261 5
1308 17 1390 152 5
1158 90 1255 270 4
1225 566 1350 756 4
1014 345 1102 484 5
325 266 447 493 12
288 364 423 629 9
275 576 387 760 8
344 187 448 366 8
691 172 811 375 10
276 715 414 923 10
871 937 977 1080 11
477 774 593 915 11
483 636 600 783 11
508 494 618 629 11
509 358 627 490 11
522 242 626 368 11
533 130 637 252 11
546 16 624 145 11
378 0 478 146 13
459 922 584 1104 13
